sdbp,1,120,3,10493685,4,4,4,83,interchr,6038,6113,6189,6202
sdbp,1,620,3,10493218,6,6,6,83,interchr,6019,6021,6126,8237,8240,9408
inbp,1,620,3,18976328,0,4,4,629,interchr,6085,6102,6128,6132
alseq,1,636,1,752,0,1,1,187,116,6125
sdbp,1,1036,1,1233,12,12,12,1,197,5832,6034,6036,6038,6099,6193,6258,6974,8230,9394,9421,9481
alseq,1,1262,1,1363,0,1,1,94,101,1066
inbp,1,1926,1,279,92,94,94,1,-1647,1002,5832,5856,5867,6009,6012,6013,6017,6020,6023,6025,6030,6034,6036,6038,6064,6069,6070,6071,6074,6086,6090,6099,6100,6107,6108,6113,6114,6126,6154,6163,6166,6169,6172,6173,6174,6177,6184,6193,6194,6201,6209,6210,6216,6217,6218,6220,6231,6238,6240,6241,6244,6258,6268,6276,6284,6913,6918,6965,6974,8230,8237,8258,8259,8306,8334,8376,8422,9058,9321,9323,9371,9382,9386,9388,9390,9391,9394,9395,9416,9421,9427,9433,9434,9442,9450,9451,9452,9453,9454,9455,9476,9481,992
alseq,1,1938,1,3422,0,1,1,1401,1484,6125
sdbp,1,2723,4,15156484,1,1,1,3187,interchr,9452
inbp,1,2723,2,1896250,1,1,1,-2,interchr,9452
alseq,1,2856,1,3075,0,1,1,177,219,6171
plenvar,1,3868,1,3880,0,1,1,160,12,6030
sdbp,1,4317,5,5221260,1,1,1,1,interchr,6268
plenvar,1,5547,1,5555,0,1,1,188,8,6043
alseq,1,5574,1,5737,0,1,1,232,163,7517
sdbp,1,5738,5,5221260,1,1,1,0,interchr,6268
sdbp,1,5746,5,5217513,0,2,2,145,interchr,6276,9442
alseq,1,7380,1,7680,0,2,2,243,300,6035,6171
alseq,1,8259,1,8559,0,1,1,281,300,8231
plenvar,1,8697,1,8700,0,2,2,148,3,6020,6076
alseq,1,9010,1,9379,0,1,1,311,369,8247
alseq,1,9410,1,9623,0,1,1,173,213,9407
alseq,1,9958,1,10137,0,2,2,188,179,6241,7516
alseq,1,10439,1,10543,0,2,2,161,104,6074,992
alseq,1,11237,1,11598,0,3,3,366,361,6076,6220,8249
inbp,1,12785,4,638696,1,1,1,919,interchr,6041
alseq,1,13224,1,13515,0,1,1,269,291,6043
alseq,1,13927,1,14159,0,6,6,228,232,6016,6030,6071,6243,6964,8369
sdbp,1,13980,5,5217513,1,1,1,129,interchr,9442
alseq,1,15224,1,15475,0,1,1,232,251,6210
sdbp,1,15273,5,5217513,0,1,1,133,interchr,6276
alseq,1,15837,1,16099,0,4,4,267,262,6023,8247,9405,9407
sdbp,1,15895,5,4920759,1,1,1,0,interchr,6038
sdbp,1,17011,1,18730,2,2,2,0,1719,6042,9412
alseq,1,18059,1,10598697,0,1,1,1308,10580638,9402
alseq,1,18330,1,18648,0,1,1,286,318,9404
inbp,1,18728,3,10515273,1,1,1,38,interchr,9433
alseq,1,19721,1,19943,0,2,2,225,222,6030,8335
alseq,1,20132,1,20380,0,1,1,209,248,6111
alseq,1,20512,1,20740,0,3,3,243,228,6973,9386,9402
alseq,1,21846,1,22122,0,2,2,244,276,6092,8231
alseq,1,22815,1,22993,0,10,10,214,178,6038,6040,6106,6114,6125,6148,6231,8256,9391,9408
sdbp,1,23138,3,12670298,0,1,1,259,interchr,5832
plenvar,1,23141,1,23141,0,6,6,160,0,6034,6069,6193,9452,9455,9481
sdbp,1,23499,1,23605,1,1,1,25,106,6035
plenvar,1,25946,1,25957,0,1,1,158,11,6042
plenvar,1,30025,1,30028,0,1,1,115,3,6035
alseq,1,30398,1,30563,0,1,1,210,165,6035
alseq,1,31597,1,31786,0,2,2,230,189,6171,8231
alseq,1,32123,1,32297,0,2,2,173,174,6092,6241
alseq,1,32867,1,33245,0,1,1,341,378,8231
alseq,1,33613,1,33762,0,1,1,154,149,6137
alseq,1,34586,1,34810,0,1,1,252,224,6030
alseq,1,36345,1,36592,0,1,1,228,247,8231
alseq,1,36999,1,37038,0,1,1,207,39,6137
alseq,1,37217,1,37437,0,1,1,237,220,7517
alseq,1,37764,1,37908,0,1,1,136,144,6102
alseq,1,38551,1,38792,0,3,3,258,241,6092,6220,8231
alseq,1,39118,1,39277,0,1,1,154,159,6918
alseq,1,40383,1,40692,0,2,2,295,309,6023,6964
alseq,1,41358,1,41650,0,1,1,337,292,8241
sdbp,1,41699,2,14388995,0,1,1,85,interchr,9454
sdbp,1,41715,2,14386687,2,3,3,2,interchr,8422,9454,9481
inbp,1,42285,2,17788508,0,2,2,97,interchr,6046,6046_noalseq
inbp,1,42316,3,21601818,0,3,3,56,interchr,6020,6180,8376
alseq,1,42323,1,42545,0,28,29,209,222,1002,5830,5831,6009,6038,6069,6085,6086,6090,6097,6128,6137,6173,6201,6202,6220,6268,9386,9388,9391,9402,9405,9408,9409,9427,9433,9453,9470
sdbp,1,42342,2,14371379,1,1,1,2,interchr,6112
sdbp,1,42342,2,14370829,1,1,1,0,interchr,9412
sdbp,1,42342,2,14386926,0,2,2,131,interchr,6112,9412
sdbp,1,42392,2,14383373,2,2,2,2,interchr,6064,6070
sdbp,1,42399,2,14378366,1,1,1,2,interchr,9409
alseq,1,43471,1,43759,0,3,3,300,288,6046,6076,6901
inbp,1,43581,5,26670643,0,1,1,1015,interchr,6220
alseq,1,43955,1,44207,0,1,1,250,252,6255
alseq,1,44605,1,44756,1,5,5,48,151,6070,6085,6137,8386,9437
sdbp,1,44710,5,25621400,1,1,1,48,interchr,5830
alseq,1,44802,1,45229,0,2,2,216,427,1002,8422
sdbp,1,44811,2,14370829,0,1,1,75,interchr,6258
sdbp,1,44858,1,28374213,1,1,1,0,28329355,6128
inbp,1,44860,3,1225527,1,1,1,-3,interchr,6126
inbp,1,44860,3,7466178,1,1,1,120,interchr,6198
sdbp,1,44994,1,45229,97,97,97,0,235,5832,5867,6009,6012,6013,6016,6017,6020,6023,6025,6030,6034,6036,6038,6046,6046_noalseq,6064,6069,6070,6071,6074,6076,6086,6090,6092,6099,6100,6107,6108,6113,6114,6126,6154,6163,6166,6169,6172,6173,6174,6177,6184,6193,6194,6201,6209,6210,6216,6217,6218,6220,6238,6240,6258,6268,6276,6284,6900,6901,6913,6917,6965,6974,7516,7517,7518,8230,8237,8258,8306,8334,8376,9058,9321,9323,9371,9382,9386,9388,9390,9391,9394,9395,9416,9421,9427,9433,9434,9442,9450,9451,9452,9453,9454,9455,9476,9481,992
alseq,1,47057,1,47216,0,8,8,220,159,6069,6102,6111,6177,6231,9058,9321,9421
sdbp,1,47116,3,22916740,9,9,9,224,interchr,6069,6163,6166,6210,6220,8376,9388,9412,9433
sdbp,1,47142,3,22920298,1,1,1,224,interchr,9058
sdbp,1,47145,3,22913672,0,6,6,101,interchr,6069,6163,8256,9058,9388,9421
sdbp,1,47147,3,22915459,3,3,3,224,interchr,6154,6177,8256
sdbp,1,47150,3,22919582,1,1,1,224,interchr,9421
sdbp,1,47296,3,22913924,23,23,23,179,interchr,5830,6016,6025,6030,6046,6046_noalseq,6064,6070,6177,6184,6210,6220,6238,6240,8242,8376,9321,9386,9391,9394,9412,9433,9434
sdbp,1,47371,3,22906586,1,1,1,28,interchr,8242
sdbp,1,47371,3,22911454,3,6,6,88,interchr,5830,6025,6070,6184,9321,9386
sdbp,1,47371,3,22913095,1,6,6,28,interchr,6030,6046,6046_noalseq,6064,6240,9434
sdbp,1,47371,3,22892048,1,1,1,28,interchr,9391
sdbp,1,47371,3,22870956,0,1,1,127,interchr,9394
sdbp,1,47371,3,22912953,0,2,2,149,interchr,6046_noalseq,6238
alseq,1,49175,1,49401,0,2,2,231,226,6125,6968
alseq,1,49818,1,50032,0,2,2,221,214,6039,6046
alseq,1,50473,1,50586,0,4,4,177,113,6020,6074,6113,8306
alseq,1,51716,1,51948,0,2,2,235,232,6076,6901
alseq,1,52153,1,52402,0,1,1,234,249,8231
alseq,1,53692,1,53806,0,1,1,162,114,8335
alseq,1,54335,1,55023,0,1,1,649,688,1066
alseq,1,54946,1,55173,0,1,1,249,227,6039
sdbp,1,55675,1,56577,2,2,2,0,902,6968,8387
sdbp,1,55679,2,2202440,1,1,1,6,interchr,9395
sdbp,1,55679,2,2209786,0,1,1,383,interchr,9395
plenvar,1,55796,1,55803,0,2,2,168,7,9323,9404
alseq,1,55808,1,56073,0,26,27,334,265,1066,6023,6025,6040,6064,6086,6088,6099,6163,6194,6216,6217,6218,6238,6973,8237,8242,9371,9388,9390,9391,9395,9399,9404,9416,9433
inbp,1,55823,5,9802176,0,1,1,701,interchr,9427
alseq,1,55849,1,56237,0,22,22,458,388,6040,6073,6086,6099,6128,6150,6194,6209,6216,6217,6218,6238,8222,8237,8242,9371,9388,9395,9399,9404,9416,9433
inbp,1,55909,3,14929436,0,1,1,482,interchr,6138
inbp,1,55909,1,11818275,0,1,1,209,11762366,1435
inbp,1,55937,4,5293559,0,1,1,164,interchr,1066
alseq,1,55955,1,17267503,0,1,1,234,17211548,6217
inbp,1,56172,4,1759937,1,1,1,334,interchr,9434
inbp,1,56172,4,1759475,0,1,1,777,interchr,9452
alseq,1,56369,1,56462,0,2,2,251,93,6013,6194
plenvar,1,56518,1,56526,0,3,3,137,8,6016,6166,6284
inbp,1,56576,4,6984963,3,3,3,17,interchr,6268,6276,9453
alseq,1,56842,1,57113,0,2,2,249,271,6046,6231
tbp,1,58413,1,58349,0,1,1,35,transloc,6128
plenvar,1,58576,1,58577,0,1,1,102,1,7517
alseq,1,59174,1,59462,0,4,4,292,288,6076,6092,6125,9452
alseq,1,59860,1,60180,0,1,1,270,320,6030
alseq,1,61036,1,61251,0,1,1,225,215,6092
alseq,1,61736,1,61973,0,1,1,255,237,6171
alseq,1,62976,1,63162,0,3,3,174,186,6030,6076,6092
alseq,1,63524,1,63802,0,1,1,228,278,9450
alseq,1,64641,1,64919,0,2,2,263,278,6030,6035
plenvar,1,65383,1,65397,0,1,1,115,14,6042
plenvar,1,65825,1,65826,0,1,1,142,1,6218
alseq,1,66809,1,66986,0,1,1,180,177,6016
plenvar,1,67717,1,67718,0,1,1,124,1,6137
alseq,1,68181,1,68363,1,4,4,47,182,6069,6189,8237,9481
plenvar,1,68519,1,68520,0,1,1,147,1,6137
tbp,1,68802,1,68710,1,1,1,3,transloc,6137
alseq,1,69051,1,69384,0,1,1,286,333,8231
sdbp,1,69082,5,11555585,1,1,1,125,interchr,6017
alseq,1,69091,1,23424574,0,3,3,609,23355483,6268,6276,9453
alseq,1,69091,1,23424173,0,2,2,119,23355082,6166,9321
sdbp,1,69091,1,23424041,1,1,1,4,23354950,6017
sdbp,1,69091,2,914472,0,1,1,132,interchr,6201
inbp,1,69091,2,915293,1,1,1,1,interchr,6184
alseq,1,69312,1,77529,0,6,6,7493,8217,6017,6238,9386,9421,9427,9451
plenvar,1,69736,1,69737,0,1,1,192,1,6042
inbp,1,70308,1,21837869,0,1,1,126,21767561,6242
alseq,1,70484,1,70646,0,2,2,236,162,6171,6917
sdbp,1,72476,5,26949235,1,1,1,173,interchr,6024
tbp,1,72956,1,72853,1,1,1,2,transloc,9399
alseq,1,74864,1,75112,0,1,1,268,248,6092
plenvar,1,74972,1,74980,0,1,1,158,8,7518
alseq,1,76571,1,77590,0,6,6,259,1019,5856,6020,6210,6241,6974,8422
alseq,1,76592,1,77558,4,8,8,176,966,5856,6020,6046,6076,6210,6220,6974,8306
sdbp,1,76808,1,77578,4,4,4,23,770,6016,6019,6064,6244
sdbp,1,76824,4,17755349,1,1,1,54,interchr,9395
sdbp,1,76824,4,17729096,1,1,1,2474,interchr,9395
alseq,1,76826,1,78315,4,19,19,679,1489,6074,6090,6107,6114,6166,6173,6184,6193,6216,6217,6218,6268,6276,6918,8376,9388,9452,9454,9481
alseq,1,76826,1,82892,1,3,3,5264,6066,9395,9416,9453
alseq,1,76826,1,78165,0,9,9,605,1339,6107,6114,6193,6217,6241,6268,9058,9454,992
alseq,1,76826,1,78379,0,15,15,823,1553,6025,6034,6090,6107,6114,6166,6173,6184,6193,6216,6217,6268,6276,9452,9454
alseq,1,77240,1,77460,0,16,16,245,220,1066,5831,6042,6104,6128,6133,6142,6242,6964,8231,9057,9399,9405,9437,9470,997
inbp,1,77297,5,18039929,0,1,1,268,interchr,6136
inbp,1,77298,5,18040568,1,1,1,51,interchr,6195
sdbp,1,77320,4,11872018,2,2,2,0,interchr,6019,9421
sdbp,1,77529,2,2591779,1,1,1,7725,interchr,9391
alseq,1,77830,1,77972,0,1,1,260,142,6171
alseq,1,79233,1,79411,0,2,2,235,178,6023,6076
alseq,1,80527,1,80717,0,3,3,164,190,8237,8256,8369
plenvar,1,80657,1,80672,0,1,1,113,15,6074
alseq,1,82143,1,82397,0,3,3,248,254,6030,6043,6092
alseq,1,82877,1,83111,0,1,1,274,234,6030
alseq,1,84876,1,85108,0,4,4,249,232,6035,6241,6913,8237
alseq,1,85022,1,85633,0,2,2,640,611,6046,8247
alseq,1,85801,1,86032,0,2,2,208,231,5856,6030
alseq,1,86342,1,86614,0,1,1,228,272,6171
tbp,1,86819,1,86758,1,1,1,3,transloc,9399
alseq,1,87307,1,87508,0,4,4,233,201,6016,6171,7518,992
plenvar,1,87592,1,87605,0,2,2,136,13,6171,997
alseq,1,88443,1,88560,0,3,3,199,117,6137,6171,8247
plenvar,1,88627,1,88628,0,1,1,187,1,8376
plenvar,1,89225,1,89226,0,1,1,100,1,6039
alseq,1,89446,1,89679,0,56,56,254,233,1435,5856,5867,6012,6020,6021,6025,6041,6064,6069,6073,6074,6085,6088,6092,6097,6100,6104,6107,6108,6111,6113,6114,6126,6137,6140,6142,6148,6150,6154,6166,6188,6194,6201,6220,6231,6243,6258,6284,6913,6964,6974,8230,8241,8256,8258,8283,8335,8386,9058,9395,9405,9407,9409,9471,992
alseq,1,89917,1,90123,0,2,2,245,206,6241,8249
sdbp,1,90144,5,16684486,2,2,2,13,interchr,6166,8242
sdbp,1,90200,5,16683364,2,3,3,13,interchr,6025,6163,9453
alseq,1,90268,1,90524,0,32,32,244,256,1002,6012,6036,6046,6074,6090,6100,6102,6111,6125,6128,6137,6169,6171,6174,6210,6220,6243,6244,6255,6258,6901,6913,8230,8256,9391,9408,9409,9452,9476,9481,997
sdbp,1,90312,5,16705933,1,1,1,92,interchr,9453
plenvar,1,90601,1,90603,0,1,1,154,2,6069
alseq,1,90872,1,91055,0,6,6,232,183,6030,6076,6217,9388,9416,9453
alseq,1,91421,1,91540,0,5,5,162,119,6020,6913,6964,8237,8335
sdbp,1,91473,5,16706212,0,1,1,56,interchr,6092
plenvar,1,91661,1,91666,0,2,2,106,5,5830,6098
sdbp,1,91740,4,4799130,0,3,3,694,interchr,6166,6198,6217
sdbp,1,91766,5,16699290,1,1,1,367,interchr,8387
sdbp,1,92104,4,4799615,1,1,1,48,interchr,6113
sdbp,1,92104,1,92384,8,8,8,7,280,6025,6076,6145,6166,6198,6201,6217,8386
sdbp,1,92197,4,4798973,0,6,6,845,interchr,6076,6145,6216,6218,8386,9421
sdbp,1,92452,5,12535833,2,2,2,10974,interchr,6198,8334
alseq,1,92461,1,92644,0,6,6,226,183,6111,6193,6242,6968,7517,992
plenvar,1,92555,1,92562,0,5,5,164,7,6038,6136,6142,6210,9481
alseq,1,92859,1,92918,0,1,1,231,59,6111
alseq,1,92984,1,16159684,0,1,1,13320,16066700,6201
sdbp,1,92984,4,4798873,0,1,1,957,interchr,9399
inbp,1,92984,1,11722160,0,3,3,13453,11629176,6216,6217,6218
tbp,1,95671,1,95607,1,1,1,12,transloc,992
alseq,1,99856,1,100141,0,1,1,262,285,6039
alseq,1,100313,1,100464,0,1,1,199,151,6016
plenvar,1,101347,1,101348,0,1,1,156,1,6042
plenvar,1,101832,1,101839,0,1,1,109,7,6102
alseq,1,102008,1,102357,0,1,1,338,349,6046
alseq,1,102442,1,102686,0,1,1,275,244,5856
inbp,1,103966,1,23641295,1,1,1,2,23537329,8387
alseq,1,104027,1,104318,0,1,1,283,291,6102
inbp,1,104050,1,7271636,0,1,1,523,7167586,6104
alseq,1,105557,1,105701,0,1,1,162,144,6076
plenvar,1,105974,1,105973,0,1,1,200,-1,9412
alseq,1,106196,1,106395,0,3,3,177,199,6020,8222,8256
plenvar,1,106828,1,106835,0,2,2,154,7,6174,6913
alseq,1,106890,1,107134,1,6,6,436,244,6092,6125,6166,6188,7516,9450
inbp,1,106912,1,11464981,2,2,2,548,11358069,6016,6900
sdbp,1,106918,2,2886024,0,1,1,2937,interchr,6104
inbp,1,106918,1,11454679,1,2,2,508,11347761,6076,6973
inbp,1,106918,1,11453346,0,2,2,3147,11346428,6142,9404
tbp,1,107206,1,106710,1,1,1,2,transloc,6166
plenvar,1,107448,1,107452,0,1,1,188,4,6166
alseq,1,107892,1,108116,0,1,1,216,224,6126
sdbp,1,108224,2,13332908,1,1,1,21,interchr,6040
alseq,1,108654,1,108859,0,3,3,220,205,6016,6241,8256
plenvar,1,108913,1,108920,0,2,2,150,7,6020,6964
alseq,1,109129,1,109331,0,1,1,210,202,6043
tbp,1,109354,1,109279,1,1,1,2,transloc,6137
tbp,1,112578,1,112526,1,1,1,3,transloc,6268
alseq,1,113913,1,114081,0,1,1,169,168,6913
sdbp,1,114001,2,13331809,1,1,1,54,interchr,5831
plenvar,1,114177,1,114178,0,1,1,164,1,8376
alseq,1,116514,1,116921,0,1,1,378,407,6171
inbp,1,116726,1,116726,1,1,1,-11,0,6035
plenvar,1,117214,1,117215,0,1,1,100,1,6042
alseq,1,117438,1,117571,0,1,1,144,133,8231
alseq,1,118562,1,118742,0,3,3,203,180,5831,6030,6137
alseq,1,119177,1,119381,0,2,2,189,204,6137,6901
alseq,1,119819,1,120064,0,1,1,204,245,6030
tbp,1,120651,1,120556,1,1,1,3,transloc,6142
tbp,1,121974,1,121928,2,2,2,14,transloc,6020,9371
plenvar,1,126708,1,126709,0,1,1,130,1,8376
plenvar,1,127905,1,127906,0,1,1,161,1,6042
alseq,1,129331,1,129590,0,4,4,246,259,6069,8306,8335,9405
sdbp,1,129742,1,129848,1,1,1,25,106,5831
alseq,1,130067,1,130307,0,4,4,258,240,6046,6092,6189,8256
alseq,1,130605,1,130872,0,1,1,256,267,6030
alseq,1,131242,1,131428,0,2,2,205,186,6102,9434
plenvar,1,132222,1,132223,85,85,85,123,1,1002,1435,5832,6009,6012,6013,6016,6017,6023,6024,6025,6030,6035,6040,6064,6069,6074,6086,6099,6100,6104,6106,6125,6128,6131,6132,6133,6136,6138,6140,6142,6145,6148,6151,6154,6163,6166,6177,6184,6188,6189,6194,6198,6220,6231,6244,6255,6258,6268,6276,6900,6901,6913,6973,7516,7517,8230,8237,8258,8259,8334,8335,8369,9058,9382,9386,9390,9391,9394,9404,9405,9407,9412,9433,9442,9450,9451,9452,9453,9454,9455,9470,9471,9476,997
sdbp,1,132223,5,1962198,0,1,1,96,interchr,9391
alseq,1,132228,1,132411,0,2,2,329,183,6137,6195
sdbp,1,134673,5,1962198,0,1,1,87,interchr,6195
alseq,1,135289,1,135457,0,1,1,162,168,6917
tbp,1,135547,1,135460,1,1,1,3,transloc,6137
alseq,1,136044,1,136327,0,1,1,234,283,6030
alseq,1,136932,1,137211,0,25,25,297,279,1002,6013,6016,6019,6020,6034,6036,6064,6073,6086,6097,6102,6108,6114,6125,6128,6136,6169,6174,6242,6258,8230,9407,9437,9442
plenvar,1,137224,1,137240,0,3,4,153,16,8241,9058,9405
alseq,1,137267,1,137793,0,18,18,550,526,1066,6019,6021,6073,6112,6166,6174,6177,6202,6218,8230,8240,8242,8247,9394,9399,9408,9481
alseq,1,137273,1,137906,0,14,14,668,633,1066,6019,6073,6112,6174,6177,6202,8240,8247,8386,9394,9399,9408,9481
sdbp,1,137366,5,1962198,0,2,2,71,interchr,6195,9391
alseq,1,137870,1,138075,0,14,14,326,205,6106,6136,6209,6218,6268,6276,6965,8237,9391,9416,9442,9453,9454,997
sdbp,1,137922,3,12489137,3,3,4,97,interchr,6177,8376,9405
plenvar,1,138052,1,138064,0,1,1,136,12,5867
alseq,1,138391,1,138581,0,2,2,240,190,6136,6137
tbp,1,138466,1,138406,1,1,1,3,transloc,992
sdbp,1,138571,5,13833758,17,18,18,894,interchr,5856,6012,6016,6017,6021,6070,6071,6163,6173,6209,6217,9323,9405,9412,9421,9433,9455,9481
sdbp,1,138571,5,13836012,1,5,5,360,interchr,6016,6070,6173,9405,9481
sdbp,1,138768,5,12705178,1,1,1,166,interchr,8386
sdbp,1,138768,5,13830063,10,10,10,896,interchr,6025,6166,6216,6218,6238,6240,6965,9321,9427,9437
sdbp,1,138768,5,13829246,1,1,1,921,interchr,9404
sdbp,1,138768,5,13830655,1,1,1,898,interchr,6177
sdbp,1,138768,5,13836397,0,1,1,1458,interchr,8386
sdbp,1,138768,5,13835325,0,2,2,382,interchr,6177,6240
plenvar,1,140029,1,139953,0,1,1,180,-76,6137
tbp,1,140046,1,139969,1,2,2,2,transloc,6137,992
alseq,1,141285,1,141625,0,1,1,372,340,6171
sdbp,1,143005,1,143174,1,1,1,14,169,7517
plenvar,1,143743,1,143744,0,1,1,101,1,5856
alseq,1,145653,1,145808,0,1,1,87,155,6900
alseq,1,146240,1,146413,1,2,2,52,173,6039,8231
alseq,1,147789,1,147972,0,2,2,184,183,6241,7516
alseq,1,149276,1,149376,0,1,1,156,100,8231
plenvar,1,151224,1,151178,0,1,1,119,-46,6085
tbp,1,151238,1,151188,2,3,3,9,transloc,6025,6085,9390
alseq,1,152451,1,152674,1,1,1,150,223,9405
alseq,1,154244,1,154309,0,1,1,153,65,992
alseq,1,156258,1,156324,0,1,1,134,66,6042
alseq,1,156704,1,156767,5,5,5,395,63,1435,6074,6900,6901,8334
plenvar,1,158645,1,158646,0,1,1,136,1,6137
alseq,1,159295,1,159478,0,2,2,147,183,6900,6901
plenvar,1,161771,1,161790,0,1,1,137,19,8376
sdbp,1,163862,1,164551,1,1,1,1,689,8334
tbp,1,166176,1,166100,1,1,1,2,transloc,992
alseq,1,166517,1,166653,0,1,1,174,136,6900
alseq,1,167416,1,167625,0,3,3,218,209,6137,6198,6974
alseq,1,168890,1,169063,0,3,3,269,173,5856,6035,6137
alseq,1,171909,1,172142,0,2,2,291,233,6030,8237
alseq,1,172401,1,172688,0,1,1,303,287,6188
alseq,1,174001,1,174207,0,2,2,214,206,6964,8306
plenvar,1,174848,1,174856,1,1,1,247,8,6276
alseq,1,175202,1,175502,0,4,4,236,300,5856,6064,6220,7516
alseq,1,175298,1,192349,0,1,1,16957,17051,8386
plenvar,1,175687,1,175696,0,1,1,120,9,6177
alseq,1,175795,1,176063,0,1,1,258,268,7518
alseq,1,176415,1,178871,0,1,1,2384,2456,6243
plenvar,1,176604,1,176602,2,3,3,382,-2,5831,9453,9454
plenvar,1,176904,1,176909,0,1,1,155,5,8376
alseq,1,178797,1,178976,0,3,3,169,179,6092,6244,6901
alseq,1,179398,1,179676,0,2,2,231,278,6241,6918
sdbp,1,179520,1,179650,14,14,14,10,130,1002,5832,6268,6276,9382,9394,9442,9450,9451,9452,9453,9454,9455,9476
alseq,1,180453,1,180641,0,1,1,261,188,6030
alseq,1,180902,1,181123,0,2,2,223,221,6076,6092
alseq,1,181176,1,181533,0,1,1,296,357,6030
alseq,1,181819,1,182063,0,3,3,259,244,6039,6064,9434
sdbp,1,182182,1,182322,1,1,1,3,140,9412
plenvar,1,182794,1,182817,0,1,1,102,23,6107
alseq,1,182843,1,183006,0,3,3,157,163,5832,6071,6177
alseq,1,183594,1,183736,0,3,3,179,142,6035,6046,8376
alseq,1,184014,1,192349,0,1,1,8226,8335,9408
alseq,1,184029,1,184277,0,2,2,264,248,6016,6901
alseq,1,184559,1,184750,0,1,1,142,191,6917
alseq,1,190256,1,190360,0,1,1,265,104,6035
alseq,1,191731,1,192190,0,2,2,368,459,6035,6171
alseq,1,192221,1,192396,4,93,93,117,175,1435,6009,6013,6017,6021,6025,6036,6041,6042,6073,6074,6086,6090,6097,6098,6102,6106,6112,6113,6128,6131,6132,6133,6136,6137,6138,6140,6142,6145,6154,6163,6166,6169,6172,6174,6177,6180,6188,6194,6198,6201,6202,6209,6210,6218,6220,6238,6240,6243,6244,6276,6284,6901,6909,6918,8230,8247,8258,8334,8376,8422,9058,9321,9323,9371,9382,9386,9388,9390,9394,9395,9402,9404,9405,9409,9412,9416,9421,9433,9434,9437,9442,9450,9451,9452,9453,9454,9455,9470,9471,9476,9481,992
alseq,1,192329,1,193206,1,2,2,843,877,5856,6913
alseq,1,192329,1,194008,0,3,3,1542,1679,5831,6088,8240
plenvar,1,192497,1,192509,0,4,4,117,12,6132,6137,8237,9407
inbp,1,193057,1,24281717,0,1,1,44,24088660,6035
alseq,1,193154,1,193408,0,2,2,227,254,6171,8231
alseq,1,193973,1,194252,0,4,4,267,279,6009,6125,8222,9407
plenvar,1,195238,1,195238,0,1,1,312,0,9416
alseq,1,195279,1,195463,0,1,1,198,184,6039
alseq,1,196993,1,197112,0,4,4,300,119,6013,6069,6137,992
alseq,1,198959,1,199134,0,2,2,150,175,6016,6043
inbp,1,198992,1,198992,1,1,1,-11,0,8247
alseq,1,199868,1,199983,0,1,1,164,115,9450
alseq,1,200166,1,200470,0,2,2,249,304,6046,7518
alseq,1,201534,1,201862,0,1,1,276,328,6241
tbp,1,201608,1,201553,1,1,1,2,transloc,6137
plenvar,1,202525,1,202527,1,2,2,218,2,6042,6137
alseq,1,203048,1,203218,0,1,1,296,170,6132
alseq,1,204287,1,204526,0,1,1,254,239,7517
alseq,1,206092,1,206306,0,2,2,196,214,6171,6901
plenvar,1,206649,1,206664,0,1,1,154,15,1435
tbp,1,207293,1,207224,2,2,2,2,transloc,6137,992
alseq,1,208709,1,208955,0,7,7,214,246,1435,6009,6901,6918,6968,7518,9454
alseq,1,209989,1,210097,0,1,1,149,108,6042
alseq,1,213413,1,213797,0,2,2,367,384,6064,9450
alseq,1,213803,1,213983,0,1,1,274,180,6218
plenvar,1,213853,1,213856,0,2,2,700,3,9416,9434
alseq,1,214673,1,214908,0,1,1,252,235,6076
alseq,1,215720,1,215902,0,1,1,249,182,8335
alseq,1,217628,1,217821,0,2,2,205,193,7518,9450
alseq,1,217947,1,218269,0,2,2,306,322,6076,8247
alseq,1,218642,1,218831,0,3,3,229,189,6064,6171,8237
alseq,1,221192,1,221406,0,2,2,212,214,6901,7518
alseq,1,223609,1,223707,0,1,1,312,98,6243
alseq,1,224106,1,224259,0,1,2,159,153,6036
alseq,1,224379,1,224642,0,4,4,239,263,6036,6076,8231,8237
plenvar,1,224716,1,224729,0,1,1,105,13,8369
alseq,1,224806,1,225201,0,2,2,372,395,6171,8231
alseq,1,225225,1,225409,0,2,2,221,184,6171,8247
alseq,1,226085,1,226320,0,1,1,197,235,6974
plenvar,1,226516,1,226517,0,1,1,209,1,6974
inbp,1,227176,4,12214262,1,1,1,6596,interchr,9421
alseq,1,227352,1,227525,0,1,1,141,173,6076
alseq,1,227816,1,228171,0,2,2,326,355,7516,8231
sdbp,1,228210,3,12638643,0,1,1,40,interchr,8256
alseq,1,231211,1,231331,0,1,1,293,120,8376
alseq,1,232292,1,232479,0,2,2,182,187,6016,6968
plenvar,1,232406,1,232429,0,1,1,130,23,6030
alseq,1,232566,1,232817,1,4,4,116,251,6255,6901,8247,8369
alseq,1,233563,1,233673,0,2,2,210,110,6030,9450
alseq,1,234370,1,234504,0,1,1,317,134,6042
alseq,1,237785,1,237911,0,1,1,167,126,9416
sdbp,1,238425,4,11634980,0,1,1,1204,interchr,6086
sdbp,1,238426,4,11634429,8,10,10,34,interchr,6041,6085,6086,6172,6174,6194,6195,6965,9388,9476
plenvar,1,238481,1,238492,0,2,2,106,11,6069,6201
sdbp,1,238727,4,11633765,0,1,1,92,interchr,6171
sdbp,1,238735,4,11625945,1,1,1,42,interchr,9386
sdbp,1,238779,4,11632534,2,2,2,47,interchr,9057,9323
sdbp,1,238786,4,11631423,6,8,8,33,interchr,6201,6217,6258,9321,9382,9402,9427,9442
alseq,1,238793,1,238996,0,11,15,257,203,5856,6041,6086,6174,6201,6244,6268,9394,9395,9407,9442
alseq,1,238801,1,239058,0,12,15,310,257,5856,6041,6086,6174,6201,6244,6268,8241,9394,9395,9407,9442
inbp,1,238814,2,448594,0,6,6,166,interchr,6173,6194,6217,9323,9371,9388
sdbp,1,238815,4,11628321,2,2,2,43,interchr,6276,9453
sdbp,1,238823,4,11616038,0,1,1,185,interchr,9371
sdbp,1,238836,4,11629492,1,1,1,27,interchr,6021
sdbp,1,238852,4,11631186,0,2,2,66,interchr,9382,9395
sdbp,1,238857,4,11624581,0,1,1,470,interchr,6173
sdbp,1,238863,4,11624166,1,1,1,27,interchr,6268
sdbp,1,238916,5,13133634,0,1,1,159,interchr,6243
plenvar,1,238989,1,239000,0,1,1,117,11,9058
sdbp,1,238995,4,11636555,0,1,1,295,interchr,6194
sdbp,1,238995,4,11649987,0,1,1,313,interchr,9416
inbp,1,239194,2,448296,0,5,5,58,interchr,6195,6268,9382,9442,9453
sdbp,1,239211,4,11634526,0,14,14,773,interchr,6021,6041,6114,6173,6201,6202,6217,6276,9388,9394,9395,9402,9451,9453
alseq,1,239258,1,239493,0,13,14,309,235,1435,6114,6172,6174,6913,6965,8249,8258,9323,9388,9395,9407,997
sdbp,1,239330,4,11634444,7,15,15,12,interchr,6021,6173,6195,6201,6202,6268,9371,9386,9394,9395,9402,9427,9442,9451,9453
tbp,1,240704,1,240653,1,1,1,27,transloc,992
tbp,1,242438,1,242362,1,1,1,2,transloc,992
alseq,1,243224,1,243414,1,2,2,250,190,8237,992
alseq,1,243712,1,243889,0,1,1,206,177,6074
alseq,1,244926,1,245010,52,52,52,138,84,5832,5867,6009,6024,6034,6035,6036,6038,6040,6102,6104,6113,6114,6125,6126,6131,6132,6133,6136,6137,6138,6140,6142,6145,6148,6150,6184,6193,6201,6258,6284,6900,6901,6965,7518,8230,8247,8256,8258,8259,8306,8335,8369,8376,8422,9386,9399,9404,9405,9407,9416,9471
alseq,1,245587,1,245837,0,1,1,257,250,6171
alseq,1,246110,1,246371,0,2,2,294,261,6171,992
alseq,1,246664,1,246795,0,1,1,305,131,9434
alseq,1,247948,1,248094,3,13,13,294,146,5856,6016,6025,6113,6125,6241,6243,7516,7518,8247,8369,9450,9452
plenvar,1,247957,1,247959,106,108,108,219,2,1002,1435,5831,5832,5867,6009,6012,6013,6017,6024,6034,6036,6038,6040,6042,6064,6069,6070,6071,6074,6086,6088,6099,6102,6104,6108,6114,6126,6128,6131,6132,6133,6136,6137,6138,6140,6142,6145,6148,6150,6151,6154,6163,6166,6169,6172,6173,6174,6177,6184,6193,6194,6201,6209,6210,6216,6217,6218,6220,6231,6238,6240,6244,6255,6258,6268,6276,6284,6913,6918,6964,6965,8230,8249,8256,8258,8259,8306,8334,8376,8422,9058,9321,9323,9371,9382,9386,9388,9390,9391,9394,9395,9399,9404,9405,9407,9416,9427,9433,9434,9442,9451,9455,9470,9471,9476,992,997
alseq,1,249705,1,270572,1,1,1,11387,20867,9451
alseq,1,250619,1,250675,0,1,1,251,56,6042
alseq,1,252538,1,252697,0,2,2,139,159,6019,9476
inbp,1,254591,2,223816,27,32,32,345,interchr,5832,5867,6024,6034,6036,6038,6040,6102,6114,6126,6131,6133,6142,6148,6184,6258,6901,6965,8230,8247,8256,8258,8259,8306,8369,8376,8422,9386,9399,9404,9451,9471
plenvar,1,254594,1,254589,0,10,10,1096,-5,6113,6125,6136,6137,6138,6150,6201,6284,9405,9416
inbp,1,254594,2,4484587,2,5,5,453,interchr,6009,6104,6132,6140,9407
alseq,1,255196,1,255340,0,2,2,173,144,6220,8237
alseq,1,255384,1,255931,0,1,1,110,547,6255
sdbp,1,255384,1,255802,8,8,8,0,418,6268,6276,7516,7517,9382,9394,9442,9476
alseq,1,255813,1,256043,0,1,1,247,230,8247
inbp,1,256142,3,3263604,0,1,1,124,interchr,8242
alseq,1,256247,1,256568,0,8,8,323,321,6086,6209,6217,6268,9388,9395,9402,9471
inbp,1,256655,1,11734361,1,1,1,48,11477706,8376
alseq,1,257701,1,258911,0,16,16,309,1210,6042,6074,6088,6125,6133,6136,6137,6145,6150,6220,8247,8369,9057,9390,9405,9407
alseq,1,257704,1,258878,0,15,15,272,1174,6074,6088,6125,6136,6137,6145,6150,6220,8247,8369,9057,9390,9405,9407,9454
sdbp,1,257705,1,258630,31,31,31,2,925,1435,6019,6023,6024,6025,6034,6038,6040,6099,6104,6131,6132,6138,6140,6142,6148,6154,6163,6166,6177,6193,6194,8237,8256,8306,9058,9391,9395,9404,9412,9453
alseq,1,257707,1,257898,0,1,1,165,191,6041
alseq,1,257728,1,270572,1,1,1,11834,12844,9471
alseq,1,257752,1,7761542,0,3,3,335,7503790,6268,6276,9442
inbp,1,257981,1,4110746,0,1,1,95,3852765,9481
sdbp,1,258422,2,14302667,0,1,1,164,interchr,9416
sdbp,1,258546,4,15485282,0,2,2,72,interchr,6180,9394
plenvar,1,258809,1,258811,0,1,1,117,2,5830
alseq,1,258853,1,259028,1,27,27,112,175,5856,5867,6012,6013,6019,6069,6086,6090,6092,6098,6111,6114,6125,6126,6128,6132,6154,6169,6242,6964,8230,8241,8256,8258,8306,9395,992
alseq,1,258955,1,270572,3,7,7,11491,11617,6038,6284,9386,9404,9412,9442,9453
alseq,1,259285,1,259432,0,5,5,241,147,6099,6154,6180,6220,6242
sdbp,1,259290,1,259400,1,1,1,14,110,8222
alseq,1,259373,1,270574,0,2,2,11098,11201,6025,9394
plenvar,1,259415,1,259430,0,1,1,176,15,1002
alseq,1,261989,1,262579,4,4,4,334,590,1435,6019,6042,9395
alseq,1,262678,1,262812,0,1,1,153,134,6108
alseq,1,262719,1,270571,0,2,2,7786,7852,6023,6201
alseq,1,264303,1,264461,0,1,1,135,158,8237
tbp,1,264656,1,264594,1,1,1,2,transloc,992
alseq,1,266224,1,266352,0,1,1,149,128,6901
alseq,1,267578,1,270576,1,1,1,2880,2998,6163
plenvar,1,268338,1,268328,0,1,1,131,-10,9058
alseq,1,269131,1,270572,1,3,3,1370,1441,1435,8334,9382
alseq,1,269151,1,269299,0,1,1,195,148,6030
alseq,1,270392,1,270615,0,4,5,218,223,6030,6036,6241,992
sdbp,1,270485,1,270586,1,1,1,15,101,7516
alseq,1,270529,1,274808,0,1,1,4231,4279,6019
inbp,1,270531,4,280292,2,2,2,5006,interchr,6268,6276
plenvar,1,272198,1,272200,0,1,1,105,2,6035
sdbp,1,274687,1,274795,1,1,1,24,108,6042
alseq,1,274802,1,274954,0,1,1,255,152,6030
alseq,1,275637,1,275776,0,2,2,234,139,6242,9450
plenvar,1,279884,1,279885,0,1,1,135,1,8231
alseq,1,281797,1,281903,0,1,1,193,106,6042
alseq,1,286680,1,286808,0,2,2,221,128,6968,8376
alseq,1,288625,1,288741,0,2,2,185,116,6069,6231
inbp,1,288653,4,263851,0,1,1,44,interchr,6030
alseq,1,291482,1,291645,0,3,3,178,163,6041,8247,9058
alseq,1,291978,1,292110,1,1,1,266,132,992
alseq,1,292727,1,292996,0,1,1,220,269,6030
plenvar,1,294002,1,294003,0,1,1,162,1,6042
tbp,1,295215,1,295160,1,1,1,3,transloc,9416
alseq,1,297263,1,297425,0,1,1,165,162,6171
plenvar,1,297570,1,297571,0,1,1,107,1,6042
plenvar,1,298622,1,298623,0,1,1,213,1,6974
alseq,1,300853,1,301079,0,1,1,211,226,8231
alseq,1,301757,1,301970,0,3,3,205,213,6243,6901,8306
inbp,1,301829,2,11005586,0,1,1,252,interchr,5856
alseq,1,302947,1,303082,0,1,1,196,135,6241
tbp,1,303689,1,303627,0,1,1,76,transloc,6137
plenvar,1,305146,1,305147,0,1,1,129,1,8237
alseq,1,309286,1,309403,5,25,25,63,117,6009,6046,6104,6114,6125,6126,6132,6133,6140,6142,6194,6210,6220,6241,7516,7517,8222,8247,8335,8376,9391,9405,9434,9450,9476
sdbp,1,309305,1,309410,1,1,1,19,105,6035
alseq,1,309771,1,309931,0,1,1,390,160,6189
alseq,1,312017,1,312226,0,1,1,222,209,9416
alseq,1,313089,1,313420,0,1,1,237,331,6043
tbp,1,313521,1,313483,2,3,3,21,transloc,6017,6964,9371
alseq,1,315117,1,315333,0,1,1,207,216,5856
plenvar,1,315222,1,315226,0,1,1,149,4,6255
alseq,1,322671,1,322818,0,1,1,155,147,6968
plenvar,1,323085,1,323086,0,1,1,101,1,6042
alseq,1,325392,1,325517,0,1,1,161,125,5856
alseq,1,328630,1,328841,0,1,1,208,211,8231
sdbp,1,330130,2,1643547,1,1,1,0,interchr,6042
plenvar,1,335674,1,335675,0,1,1,126,1,6042
alseq,1,336123,1,336262,0,1,1,192,139,6030
alseq,1,336723,1,336946,0,1,1,238,223,6909
alseq,1,341273,1,341519,0,2,2,204,246,6030,8242
alseq,1,342440,1,342596,0,1,1,254,156,6042
plenvar,1,342683,1,342681,0,1,1,329,-2,6086
tbp,1,343148,1,343092,1,1,1,11,transloc,992
tbp,1,344326,1,344236,1,1,1,3,transloc,9399
plenvar,1,344892,1,344893,0,1,1,133,1,6042
alseq,1,344998,1,345211,0,2,2,176,213,6968,8247
plenvar,1,346880,1,346881,0,1,1,118,1,6012
plenvar,1,347852,1,347853,0,1,1,116,1,6042
alseq,1,348448,1,348692,0,1,1,262,244,8231
plenvar,1,350004,1,350017,0,1,1,128,13,5830
alseq,1,352505,1,352716,0,5,5,521,211,6035,6241,6901,6968,8237
plenvar,1,352680,1,352679,121,125,125,295,-1,1002,1435,5831,5832,5856,5867,6009,6012,6016,6017,6019,6020,6023,6025,6030,6034,6036,6038,6040,6043,6046,6046_noalseq,6064,6069,6070,6071,6088,6099,6104,6108,6112,6114,6125,6126,6128,6131,6132,6133,6136,6137,6138,6140,6142,6145,6148,6150,6151,6154,6163,6166,6169,6171,6172,6173,6174,6177,6184,6193,6194,6201,6209,6210,6216,6217,6218,6220,6231,6238,6240,6243,6244,6255,6258,6268,6276,6284,6913,6918,6964,6965,7516,8222,8230,8247,8249,8256,8258,8259,8306,8334,8335,8369,8376,8422,9057,9058,9321,9323,9371,9382,9386,9388,9394,9395,9399,9404,9405,9407,9412,9416,9427,9433,9434,9442,9450,9451,9452,9453,9454,9455,9470,9471,9476,992,997
alseq,1,353487,1,353689,0,1,1,256,202,6909
alseq,1,356196,1,356420,0,1,1,179,224,6030
alseq,1,356863,1,357075,0,2,2,220,212,6171,8231
alseq,1,357840,1,358013,0,1,1,206,173,6964
tbp,1,358613,1,358514,1,1,1,0,transloc,6195
alseq,1,360480,1,360832,0,1,1,250,352,6030
plenvar,1,363070,1,363090,0,2,2,110,20,6039,8306
tbp,1,363543,1,363410,1,1,1,3,transloc,992
alseq,1,363635,1,363972,0,1,1,324,337,6046
alseq,1,363997,1,364132,0,1,1,168,135,9416
plenvar,1,364193,1,364201,0,1,1,102,8,6030
alseq,1,364993,1,365191,0,3,3,196,198,6046,6076,7516
alseq,1,365357,1,365536,0,1,1,401,179,9434
alseq,1,366687,1,366895,0,6,6,231,208,6016,6107,6258,8231,9405,9412
sdbp,1,366806,1,366922,1,1,1,26,116,8222
alseq,1,367352,1,367527,0,1,1,175,175,6030
alseq,1,368861,1,369050,1,2,2,156,189,6917,7518
alseq,1,369575,1,369754,0,4,4,209,179,6039,6113,6195,8256
plenvar,1,369659,1,369676,0,3,3,132,17,6020,9058,9323
sdbp,1,369910,2,17610234,1,1,1,2,interchr,6112
plenvar,1,370046,1,370070,0,1,1,161,24,8369
plenvar,1,370444,1,370454,0,1,1,111,10,5831
alseq,1,370730,1,370886,0,1,1,196,156,7517
plenvar,1,371377,1,371402,0,1,1,112,25,6030
plenvar,1,372353,1,372352,1,2,2,4766,-1,6102,9427
sdbp,1,372411,1,372664,120,120,120,0,253,1002,1435,5831,5832,5856,5867,6012,6013,6016,6017,6019,6020,6023,6024,6025,6034,6035,6036,6038,6039,6040,6042,6064,6069,6070,6071,6088,6099,6104,6108,6112,6125,6126,6131,6132,6133,6136,6137,6138,6140,6142,6145,6148,6150,6154,6163,6166,6169,6171,6172,6173,6174,6177,6193,6194,6201,6209,6210,6216,6217,6218,6220,6231,6238,6240,6241,6244,6258,6268,6276,6284,6900,6901,6913,6917,6918,6964,6965,6968,6973,7516,7517,8222,8230,8237,8247,8256,8258,8259,8283,8306,8334,8335,8369,9057,9058,9321,9323,9371,9382,9388,9394,9399,9404,9405,9407,9409,9427,9433,9434,9442,9450,9451,9452,9453,9454,9455,9471,9476,992
sdbp,1,372411,2,17607107,1,1,1,0,interchr,6039
alseq,1,372427,1,372787,0,2,2,221,360,6255,9408
alseq,1,372588,1,28953828,0,1,1,230,28581240,6041
alseq,1,372637,1,23374176,0,9,9,155,23001539,1002,1066,6023,6036,6104,8334,9404,9476,997
sdbp,1,372663,1,23374051,34,34,34,0,23001388,1435,5867,6038,6090,6097,6099,6108,6132,6136,6137,6140,6145,6154,6163,6166,6194,6268,6284,8222,8240,8422,9057,9382,9394,9395,9416,9437,9442,9453,9454,9455,9470,9471,9481
alseq,1,372862,1,373146,0,3,3,288,284,6046,6064,6092
alseq,1,374736,1,374924,0,1,1,286,188,9058
tbp,1,375694,1,375642,1,1,1,2,transloc,8256
alseq,1,376288,1,376442,0,1,1,140,154,9450
alseq,1,378723,1,378908,0,1,1,221,185,6030
alseq,1,381658,1,381808,0,2,2,221,150,6042,6137
plenvar,1,382635,1,382636,0,1,1,141,1,6974
alseq,1,383866,1,384099,0,2,2,265,233,6042,8231
sdbp,1,384567,1,384713,1,1,1,11,146,6043
plenvar,1,385396,1,385407,0,1,1,122,11,6042
alseq,1,386013,1,386214,0,2,2,213,201,6064,6202
sdbp,1,386521,5,7471199,0,1,1,215,interchr,6042
plenvar,1,386576,1,386582,0,2,2,104,6,5831,6901
alseq,1,386832,1,386966,0,1,1,167,134,6284
alseq,1,387980,1,388215,0,2,2,253,235,6030,8231
tbp,1,388737,1,388671,1,1,1,3,transloc,992
alseq,1,389688,1,390018,0,1,1,236,330,6035
alseq,1,390574,1,390775,0,1,1,70,201,6042
tbp,1,390826,1,390745,1,1,1,3,transloc,992
plenvar,1,391863,1,391872,0,1,1,134,9,992
tbp,1,395568,1,395488,1,2,2,4,transloc,6137,992
sdbp,1,396256,2,8477789,0,1,1,122,interchr,6042
tbp,1,396304,1,396261,1,1,1,6,transloc,992
alseq,1,397959,1,398247,0,1,1,260,288,8231
sdbp,1,399361,4,9679621,1,1,1,930,interchr,6111
plenvar,1,400423,1,400424,0,1,1,115,1,6102
alseq,1,401921,1,402117,0,3,3,278,196,6030,6126,9450
alseq,1,401995,1,403490,0,1,1,1349,1495,6074
plenvar,1,402081,1,402087,0,1,1,145,6,5856
alseq,1,405066,1,405230,1,1,1,117,164,5856
tbp,1,405252,1,405194,1,1,1,0,transloc,9391
alseq,1,406486,1,406571,0,1,1,339,85,6042
tbp,1,411165,1,411101,1,1,1,2,transloc,8335
plenvar,1,412115,1,412083,0,1,1,109,-32,8240
tbp,1,412115,1,412083,0,1,1,109,transloc,8240
tbp,1,412561,1,412493,1,1,1,3,transloc,6132
alseq,1,412852,1,412994,0,2,2,129,142,9391,9404
plenvar,1,415679,1,415680,0,1,1,105,1,6042
alseq,1,416592,1,416924,0,1,1,242,332,6043
alseq,1,417350,1,417622,0,1,1,261,272,6255
plenvar,1,417431,1,417432,0,2,2,103,1,6042,6974
alseq,1,417863,1,418058,0,2,2,196,195,6030,6171
alseq,1,418662,1,418795,0,1,1,265,133,6042
alseq,1,420062,1,420266,0,2,2,197,204,6035,6171
alseq,1,420671,1,420827,0,1,1,172,156,6198
plenvar,1,420763,1,420764,0,1,1,238,1,6086
alseq,1,422683,1,422994,0,6,6,344,311,6125,6140,6163,6194,8258,9434
plenvar,1,423112,1,423109,0,4,5,148,-3,6133,6184,9395,9416
tbp,1,423142,1,423052,0,1,1,151,transloc,9416
alseq,1,423182,1,423472,0,5,5,258,290,6012,6090,9395,9412,9455
alseq,1,423586,1,424277,0,9,9,374,691,1435,6194,6209,6218,9388,9395,9404,9416,9471
alseq,1,423658,1,423858,0,1,1,212,200,6073
alseq,1,424048,1,424230,0,2,2,226,182,6097,6909
sdbp,1,424276,5,26537311,0,1,1,317,interchr,9437
alseq,1,424345,1,550869,0,1,1,554,126524,9453
plenvar,1,425373,1,425379,43,64,64,365,6,5867,6012,6016,6017,6024,6038,6040,6046,6046_noalseq,6064,6069,6071,6086,6104,6114,6125,6131,6132,6133,6137,6138,6140,6142,6145,6148,6150,6151,6166,6169,6172,6173,6174,6193,6201,6209,6210,6216,6217,6218,6238,6258,6284,6901,6918,6965,6973,8247,8256,8306,9058,9321,9323,9371,9386,9399,9404,9405,9407,9416,9427,9433,9451,9471,997
alseq,1,425412,1,425509,0,4,4,352,97,6177,6901,8237,8258
alseq,1,425656,1,426058,1,1,1,41,402,8242
sdbp,1,425690,1,426058,11,11,11,0,368,6019,6020,6021,6074,6099,6112,6136,6194,6202,7518,9395
inbp,1,426129,3,1175760,0,1,1,131,interchr,9407
alseq,1,426172,1,426334,0,3,3,235,162,6102,6238,9452
alseq,1,426207,1,426793,0,1,1,530,586,6231
alseq,1,426844,1,427044,0,1,1,421,200,992
plenvar,1,426900,1,426896,15,16,16,241,-4,1002,5831,5832,6268,6276,6964,7516,9382,9394,9442,9450,9452,9453,9454,9455,9476
sdbp,1,426900,5,26072143,0,1,1,68,interchr,9394
alseq,1,427086,1,427557,0,2,2,357,471,6917,7517
alseq,1,427212,1,427551,1,2,2,108,339,1002,7517
sdbp,1,427212,1,427353,16,16,16,28,141,5831,5832,6255,6268,6276,6964,7516,9382,9394,9442,9450,9452,9453,9454,9455,9476
sdbp,1,427465,2,5758987,0,1,1,204,interchr,6023
alseq,1,427900,1,427983,0,1,1,310,83,992
alseq,1,428465,1,428964,1,12,12,30,499,6042,6112,6114,6194,6202,6917,7518,8240,8242,8249,9395,9450
alseq,1,428471,1,428991,0,15,15,134,520,6020,6042,6099,6112,6114,6136,6171,6194,6202,6917,7518,8240,8242,8249,9395
sdbp,1,428522,1,428783,18,18,18,16,261,1002,5831,5832,6021,6184,6268,6276,6964,8422,9382,9394,9412,9442,9452,9453,9454,9455,9476
sdbp,1,428947,2,5759703,2,2,2,17,interchr,9395,9412
sdbp,1,429001,5,12585271,1,1,1,82,interchr,8242
sdbp,1,429001,5,13704159,0,1,1,537,interchr,9323
sdbp,1,429113,2,5759011,0,3,3,336,interchr,6136,6202,6255
sdbp,1,429691,5,12585315,1,1,1,0,interchr,6020
sdbp,1,430246,5,12585298,1,1,1,0,interchr,6184
inbp,1,430443,3,1172919,0,1,1,45,interchr,7518
alseq,1,430743,1,430930,0,2,2,193,187,6041,6231
inbp,1,430766,3,1171973,1,1,1,1934,interchr,9453
sdbp,1,431309,1,432069,1,1,1,0,760,9057
inbp,1,431355,5,20427336,0,1,1,84,interchr,6131
alseq,1,431505,1,431980,0,35,35,463,475,1066,5830,6039,6070,6073,6076,6085,6098,6113,6114,6126,6133,6173,6180,6195,6209,6218,6238,6284,6913,8222,8231,8376,8386,8422,9321,9386,9390,9391,9402,9404,9405,9409,9427,9437
sdbp,1,431506,3,10032110,0,1,1,557,interchr,6174
alseq,1,431523,1,431954,0,33,33,446,431,1066,5830,6039,6070,6073,6076,6085,6098,6113,6114,6126,6173,6180,6189,6195,6209,6218,6238,6284,6913,8231,8240,8376,8386,8422,9321,9386,9390,9391,9402,9409,9427,9437
inbp,1,431588,5,20426731,0,1,1,437,interchr,9471
alseq,1,431620,1,432040,0,12,12,429,420,6039,6073,6195,6209,6218,6238,6240,8231,9390,9391,9409,9437
inbp,1,431630,1,1430642,0,1,1,92,999012,9323
sdbp,1,431635,5,17121871,0,1,1,1381,interchr,6106
sdbp,1,431635,2,2232848,0,1,1,85,interchr,6106
plenvar,1,431651,1,431679,0,1,1,105,28,6201
inbp,1,431961,4,13813636,1,2,2,1,interchr,6112,9323
sdbp,1,432068,3,10031953,1,1,1,0,interchr,6070
sdbp,1,432068,2,2232522,0,1,1,332,interchr,6070
sdbp,1,432075,2,14526161,1,1,1,0,interchr,6017
alseq,1,432376,1,432646,0,1,1,272,270,6064
alseq,1,432837,1,433888,1,1,1,31,1051,5856
inbp,1,432884,3,1170158,0,1,1,295,interchr,6917
sdbp,1,432924,1,433822,91,91,91,0,898,1435,5867,6009,6012,6013,6017,6024,6025,6030,6034,6036,6038,6040,6069,6070,6071,6085,6086,6092,6098,6104,6108,6114,6125,6126,6128,6131,6132,6133,6137,6138,6140,6142,6145,6148,6150,6151,6154,6163,6166,6169,6172,6173,6174,6177,6193,6201,6209,6210,6216,6217,6218,6220,6231,6238,6240,6241,6244,6284,6901,6913,6918,6965,6973,8230,8240,8256,8258,8306,8334,8376,8422,9057,9058,9321,9323,9371,9386,9388,9399,9404,9405,9407,9416,9427,9433,9434,9451,9470,9471,997
sdbp,1,432988,2,5030798,0,1,1,1390,interchr,9442
alseq,1,433276,1,433497,0,2,2,229,221,6189,9390
sdbp,1,433321,2,4738358,0,1,1,288,interchr,6194
alseq,1,433388,1,15815002,0,3,3,277,15381614,5856,6126,6171
inbp,1,433388,4,668912,1,2,2,1,interchr,8422,9442
inbp,1,433436,1,17659839,1,3,3,30,17226403,6042,6284,9404
inbp,1,433504,4,460382,1,1,1,-1,interchr,6276
sdbp,1,434137,1,434524,35,35,35,15,387,1435,6012,6013,6016,6017,6064,6069,6070,6071,6085,6086,6098,6108,6169,6172,6173,6174,6209,6210,6216,6217,6218,6231,6238,6240,6241,6244,6913,9321,9323,9371,9388,9427,9433,9434
alseq,1,434251,1,434467,0,5,5,278,216,6046,6137,6242,8241,9407
plenvar,1,434310,1,434312,0,2,2,176,2,6034,9408
sdbp,1,434529,2,5837566,2,2,2,48,interchr,6268,9442
alseq,1,435023,1,435114,0,1,1,127,91,5831
alseq,1,435435,1,435523,0,1,1,188,88,6918
plenvar,1,436656,1,436659,0,1,1,103,3,8231
alseq,1,436683,1,436772,0,1,1,202,89,6968
alseq,1,437078,1,440636,3,3,3,909,3558,6085,6098,6108
plenvar,1,437773,1,428926,0,1,1,128,-8847,6035
tbp,1,437773,1,428926,0,1,1,128,transloc,6035
plenvar,1,437843,1,437844,0,1,1,104,1,5831
tbp,1,439737,1,439617,1,1,1,3,transloc,9399
alseq,1,440168,1,440414,0,16,16,189,246,5831,5856,6021,6030,6039,6042,6069,6074,6241,7516,8256,8306,9407,9412,9450,992
alseq,1,440222,1,440503,0,16,16,204,281,6021,6030,6042,6069,6074,6171,6241,7516,8240,8249,8256,8306,9407,9412,9450,992
alseq,1,440272,1,440527,3,16,16,79,255,6016,6021,6046,6069,6074,6171,6240,6241,7516,8240,8256,8306,9407,9412,9450,992
sdbp,1,440274,1,440399,5,5,5,11,125,5830,6064,6113,6188,8369
tbp,1,441076,1,441039,1,1,1,9,transloc,992
alseq,1,441850,1,441939,0,1,1,193,89,8376
plenvar,1,442417,1,442424,0,1,1,129,7,8237
tbp,1,442695,1,442585,1,1,1,7,transloc,992
alseq,1,442826,1,443286,0,1,1,429,460,6171
plenvar,1,442936,1,442866,0,1,1,124,-70,992
tbp,1,442936,1,442866,0,1,1,124,transloc,992
plenvar,1,444032,1,444051,0,1,1,112,19,6035
alseq,1,444691,1,444835,0,1,1,196,144,6042
alseq,1,446880,1,447259,0,2,2,373,379,6076,6106
alseq,1,447416,1,447626,0,6,6,191,210,6113,6173,6174,8258,9388,9409
sdbp,1,447848,1,448038,3,3,3,6,190,6114,8240,8422
alseq,1,447975,1,448182,0,4,4,192,207,6035,6042,6901,9434
sdbp,1,448255,5,26118235,0,1,1,32,interchr,6917
alseq,1,448579,1,448702,0,14,14,184,123,6042,6092,6136,6148,6198,6209,6231,6242,6913,8387,9371,9407,9450,997
plenvar,1,448663,1,448664,0,1,1,145,1,6113
alseq,1,448942,1,449297,0,1,1,323,355,6974
plenvar,1,450033,1,450034,0,1,1,102,1,8237
plenvar,1,450406,1,450407,0,1,1,184,1,6042
alseq,1,451756,1,451940,0,1,1,264,184,6042
alseq,1,452733,1,452943,0,3,3,223,210,6030,6092,8387
alseq,1,453425,1,453624,0,4,4,223,199,6092,6142,6169,8335
plenvar,1,453534,1,453540,0,2,2,156,6,6042,9407
alseq,1,453699,1,455579,1,1,1,1894,1880,9452
plenvar,1,454051,1,454067,0,1,1,100,16,9450
alseq,1,454264,1,454368,0,1,1,244,104,9407
alseq,1,455143,1,455290,0,1,1,356,147,8376
alseq,1,455510,1,455579,3,3,3,128,69,9453,9454,9455
alseq,1,456180,1,456415,0,3,3,264,235,8335,8387,992
plenvar,1,457068,1,457097,0,1,1,102,29,7517
alseq,1,459172,1,459482,0,3,3,327,310,6030,6171,8231
alseq,1,459662,1,459971,0,1,1,248,309,6255
sdbp,1,459810,1,460017,2,2,2,1,207,8258,8259
alseq,1,461143,1,461491,0,2,2,323,348,6901,9450
plenvar,1,463581,1,463582,0,1,1,126,1,9476
alseq,1,463724,1,463910,0,4,4,196,186,5856,6154,9407,992
alseq,1,464633,1,464792,0,1,1,207,159,9452
alseq,1,465685,1,465903,0,1,1,200,218,8231
alseq,1,466914,1,467101,0,1,1,188,187,9408
alseq,1,467894,1,468117,0,2,2,233,223,6030,9450
inbp,1,468247,1,468247,1,1,1,-11,0,6042
alseq,1,468465,1,468687,0,1,1,215,222,7518
alseq,1,469003,1,469231,0,2,2,206,228,6140,992
sdbp,1,469053,1,469160,1,1,1,9,107,8222
alseq,1,469546,1,469687,0,1,1,186,141,6074
alseq,1,471736,1,472039,0,3,3,293,303,6092,6901,8231
alseq,1,473069,1,473346,0,1,1,374,277,6030
alseq,1,473875,1,6704397,0,4,4,196,6230522,6217,6218,6240,9371
sdbp,1,473875,1,6538418,6,6,6,1,6064543,6025,6268,6276,8376,9386,9442
sdbp,1,473875,1,6704196,3,3,3,1,6230321,6070,6238,8422
sdbp,1,473875,3,18734243,1,1,1,0,interchr,9394
sdbp,1,473875,4,5326459,1,1,1,0,interchr,9388
sdbp,1,473875,5,22911044,1,1,1,0,interchr,6017
alseq,1,473922,1,474220,0,1,1,238,298,992
tbp,1,474439,1,474365,1,1,1,2,transloc,992
alseq,1,476691,1,476938,0,2,2,259,247,6064,6240
alseq,1,477055,1,477229,0,1,1,189,174,6913
alseq,1,479028,1,479492,0,1,1,486,464,8231
alseq,1,479067,1,479228,1,1,1,122,161,8369
alseq,1,479610,1,479764,0,1,1,194,154,6039
alseq,1,480500,1,480737,0,1,1,220,237,6241
plenvar,1,481482,1,481498,0,1,1,112,16,5831
alseq,1,481769,1,482053,0,2,2,231,284,6016,6241
alseq,1,483406,1,483731,0,1,1,326,325,6092
alseq,1,484312,1,484505,0,7,7,221,193,6090,6098,6173,6240,6909,6965,8283
alseq,1,484838,1,485165,0,1,1,309,327,6039
alseq,1,485368,1,485620,0,2,2,264,252,6016,6171
alseq,1,486086,1,486352,0,6,6,232,266,5831,5856,6040,6148,6188,9408
alseq,1,486863,1,486934,0,1,1,123,71,6171
alseq,1,487469,1,487690,0,3,3,203,221,6035,6171,9405
alseq,1,488243,1,488392,0,3,3,204,149,6035,6255,8387
alseq,1,490866,1,491178,0,1,1,303,312,6188
alseq,1,492977,1,493240,0,2,2,191,263,6030,6138
alseq,1,493443,1,493508,0,1,1,165,65,992
plenvar,1,494933,1,494934,0,1,1,246,1,6154
alseq,1,494986,1,495168,0,6,6,232,182,5831,6013,7516,8231,8387,9407
alseq,1,495325,1,495567,0,21,21,299,242,1002,5831,5867,6102,6137,6171,6184,6193,6241,6242,6244,6255,6284,6901,7518,8283,9058,9323,9408,9434,9452
alseq,1,495424,1,497068,0,1,1,252,1644,6013
plenvar,1,495576,1,495590,0,8,8,141,14,6013,6034,6169,6172,6173,6238,8247,9407
alseq,1,495752,1,495959,0,3,4,229,207,6035,6125,7516
plenvar,1,495994,1,496001,0,3,3,123,7,6126,6169,8247
alseq,1,496054,1,496832,0,1,1,826,778,9407
alseq,1,496158,1,496400,0,43,43,290,242,6017,6019,6038,6042,6069,6088,6090,6104,6107,6108,6111,6125,6131,6136,6142,6150,6151,6172,6174,6177,6188,6193,6201,6217,6276,6284,6918,8242,8256,8258,8283,8334,9057,9371,9388,9394,9399,9404,9433,9451,9454,9470,9471
alseq,1,496742,1,496975,0,30,30,283,233,1002,5830,5831,6009,6016,6030,6038,6040,6132,6133,6136,6166,6169,6172,6177,6210,6220,6240,6241,6901,6918,8240,8241,8249,8306,8335,8369,9390,9452,9481
alseq,1,496756,1,496999,0,28,28,294,243,1002,5830,5831,6009,6016,6030,6038,6040,6132,6136,6166,6169,6172,6177,6210,6220,6240,6242,6901,6918,8240,8241,8249,8306,8369,9390,9452,9481
plenvar,1,496849,1,496866,0,9,9,130,17,6064,6128,6163,6201,6244,6284,6913,9321,9323
plenvar,1,497364,1,497373,0,4,4,120,9,6039,6111,6132,6973
alseq,1,497473,1,497725,0,45,47,246,252,1002,5830,6009,6013,6016,6019,6020,6024,6030,6038,6070,6071,6073,6074,6088,6097,6098,6102,6107,6108,6111,6113,6125,6126,6136,6142,6148,6150,6169,6172,6174,6244,6913,6918,8241,8256,8258,8306,8335,8369,9390,9407,9421,992,997
alseq,1,497492,1,497747,1,45,45,134,255,1002,5830,6009,6013,6016,6019,6020,6024,6038,6070,6071,6073,6074,6088,6097,6098,6102,6107,6108,6111,6113,6125,6126,6136,6142,6148,6150,6169,6172,6174,6244,6913,6918,8222,8241,8256,8258,8306,8335,8369,9390,9407,9421,992,997
alseq,1,497512,1,497758,0,39,39,239,246,5830,6009,6013,6016,6019,6020,6024,6038,6070,6071,6074,6088,6097,6098,6102,6107,6108,6113,6125,6126,6136,6142,6148,6150,6169,6174,6244,6913,6918,8231,8256,8258,8306,8335,8369,9407,9421,992,997
alseq,1,498120,1,498273,0,1,1,117,153,8376
alseq,1,498453,1,498712,0,2,2,238,259,6092,7518
plenvar,1,498870,1,498885,0,1,1,204,15,6244
alseq,1,500894,1,501354,0,2,2,454,460,6017,6217
alseq,1,501313,1,19394394,0,1,1,535,18893081,6268
alseq,1,501727,1,501947,0,3,3,214,220,6070,6140,7516
alseq,1,502896,1,503089,0,3,3,208,193,6046,6240,8249
alseq,1,503038,1,503377,0,2,2,366,339,6240,8283
alseq,1,503690,1,503952,0,6,6,244,262,6074,6154,6242,6244,8306,9405
alseq,1,503840,1,504156,0,5,5,279,316,6016,6154,6244,9405,9452
alseq,1,504297,1,504584,0,2,2,296,287,7518,8256
alseq,1,505973,1,506160,0,4,4,236,187,6020,6092,6171,9386
plenvar,1,506000,1,506008,0,1,1,113,8,6069
alseq,1,507342,1,507486,0,1,1,147,144,6964
alseq,1,507925,1,508268,0,1,1,360,343,6064
alseq,1,508702,1,508937,0,2,2,200,235,8247,9407
sdbp,1,509192,2,10832450,1,1,1,0,interchr,6193
alseq,1,509342,1,509542,0,2,2,186,200,6154,9452
alseq,1,510219,1,510629,0,1,1,372,410,8249
plenvar,1,510529,1,510534,0,1,1,125,5,9323
alseq,1,510682,1,510905,0,5,5,213,223,6016,6231,6242,8249,9454
alseq,1,511549,1,511852,0,1,1,275,303,6106
sdbp,1,511841,5,15126475,0,1,1,247,interchr,8222
alseq,1,512116,1,512407,0,3,4,287,291,6039,6076,6092
alseq,1,512732,1,513049,0,40,40,334,317,1002,1435,6020,6021,6040,6046,6069,6076,6098,6137,6148,6169,6172,6216,6217,6220,6242,6244,6258,6268,6276,8230,8258,8369,9321,9323,9386,9390,9391,9395,9408,9434,9442,9451,9453,9455,9476,9481,992,997
plenvar,1,512850,1,512863,0,1,1,177,13,6140
sdbp,1,512897,5,12729774,1,1,1,923,interchr,9455
sdbp,1,513100,5,10608639,0,1,1,855,interchr,5830
sdbp,1,513127,5,16970873,1,1,1,0,interchr,9455
plenvar,1,513471,1,513472,0,1,1,131,1,8237
sdbp,1,515515,2,4838137,0,1,1,612,interchr,8387
sdbp,1,515523,5,23934919,0,1,1,452,interchr,6240
alseq,1,515597,1,515801,0,3,3,210,204,6092,7516,992
alseq,1,516606,1,516796,0,11,12,279,190,5856,6126,6174,6255,6913,6968,7516,8241,8376,8387,9407
plenvar,1,516734,1,516745,0,3,3,138,11,6090,9409,997
alseq,1,517127,1,517331,0,3,3,216,204,6189,6241,8231
sdbp,1,517234,2,19422371,0,1,1,261,interchr,6171
alseq,1,517879,1,518160,0,2,2,214,281,5856,6917
alseq,1,518313,1,518456,0,1,1,148,143,6900
plenvar,1,518673,1,518664,41,41,41,274,-9,5867,6020,6021,6023,6025,6030,6046,6046_noalseq,6073,6085,6086,6098,6099,6112,6126,6128,6136,6142,6154,6163,6166,6177,6194,6201,6202,6220,6258,6284,6965,6973,8230,8241,8242,8283,8376,8387,9386,9395,9399,9409,9481
alseq,1,518673,1,518712,0,1,1,297,39,6092
plenvar,1,519273,1,519282,0,1,1,105,9,6126
alseq,1,520287,1,520431,0,2,2,161,144,6092,6968
tbp,1,520429,1,520369,1,1,1,2,transloc,992
plenvar,1,520510,1,520509,0,8,8,389,-1,6023,6136,6900,6973,8283,8387,9409,9481
alseq,1,522197,1,522543,0,3,3,321,346,5856,8247,8369
inbp,1,522222,2,18093285,0,1,1,204,interchr,6092
inbp,1,522497,1,19431379,30,36,36,232,18908882,6021,6023,6073,6085,6086,6098,6099,6106,6112,6126,6128,6136,6142,6154,6184,6188,6189,6194,6195,6198,6201,6220,6284,6965,8241,8249,8283,8387,8422,9058,9395,9409,9412,9454,9455,9481
inbp,1,522504,2,18093284,13,13,13,1,interchr,1435,5867,6025,6114,6163,6166,6202,6243,8230,8242,8376,9386,9399
sdbp,1,522514,2,18093285,4,4,4,2,interchr,6188,6189,9412,9455
tbp,1,522551,1,522497,1,1,1,25,transloc,6137
alseq,1,522797,1,523966,1,1,1,829,1169,6242
alseq,1,522902,1,523280,125,135,135,119,378,1002,1066,1435,5831,5832,5867,6009,6012,6013,6017,6019,6020,6021,6023,6024,6025,6034,6036,6038,6040,6046,6064,6069,6070,6071,6073,6074,6085,6086,6098,6099,6100,6102,6104,6108,6111,6112,6113,6114,6125,6126,6128,6131,6132,6133,6136,6137,6138,6140,6142,6145,6148,6150,6151,6154,6163,6166,6169,6172,6173,6174,6177,6184,6188,6189,6193,6194,6195,6198,6201,6202,6209,6210,6216,6217,6218,6220,6231,6238,6240,6241,6243,6244,6255,6258,6268,6276,6284,6913,6918,6964,6965,6973,8230,8241,8242,8249,8258,8259,8283,8334,8376,8422,9058,9321,9323,9371,9382,9386,9388,9394,9395,9399,9402,9404,9405,9407,9409,9412,9416,9427,9433,9434,9442,9450,9451,9452,9453,9454,9455,9470,9471,9476,9481,997
alseq,1,522906,1,523453,0,8,8,305,547,1002,6035,6102,6106,6188,6240,6241,997
alseq,1,523830,1,523954,10,13,13,51,124,6085,6092,6112,6171,6202,6217,6220,6240,6965,7518,8231,8256,8376
sdbp,1,523860,1,523965,1,1,1,29,105,6284
alseq,1,524287,1,524431,0,1,1,178,144,6255
alseq,1,524773,1,524960,0,3,3,205,187,5856,6974,9450
sdbp,1,524938,2,844885,0,1,1,1350,interchr,6258
sdbp,1,525182,3,7158440,6,6,6,197,interchr,5867,6020,6092,9382,9437,9455
sdbp,1,525182,2,844113,0,1,1,970,interchr,9455
sdbp,1,525182,2,844480,0,1,1,1281,interchr,9437
inbp,1,525182,2,740305,1,1,1,148,interchr,5867
plenvar,1,525344,1,525363,0,4,4,119,19,5831,6174,6189,6244
alseq,1,525491,1,525671,0,83,88,193,180,5830,5832,5867,6009,6012,6016,6020,6021,6025,6030,6038,6039,6041,6046,6064,6071,6073,6076,6086,6088,6090,6097,6099,6104,6107,6112,6126,6136,6138,6148,6150,6154,6163,6166,6169,6171,6172,6173,6174,6177,6180,6202,6210,6216,6217,6220,6238,6240,6244,6258,6268,6284,6913,6917,6918,6968,6974,7516,7518,8230,8231,8240,8242,8247,8258,8283,8306,8335,8369,8387,9057,9321,9371,9399,9402,9405,9408,9421,9427,9451,9471,9481,992
alseq,1,526163,1,526301,0,16,16,278,138,5830,5856,6034,6035,6073,6074,6086,6126,6174,6188,6258,6900,6968,7518,8369,9407
plenvar,1,526220,1,526234,0,13,13,137,14,6064,6085,6111,6154,6169,6172,6240,6241,6242,6255,7516,8376,9452
alseq,1,527068,1,527130,0,4,4,154,62,6020,6034,6064,6114
plenvar,1,527093,1,527110,0,1,1,179,17,6901
alseq,1,527681,1,527943,0,12,12,312,262,5867,6013,6016,6034,6046,6137,6220,6901,6968,7518,8369,9388
alseq,1,528034,1,528278,0,45,45,305,244,5867,6012,6013,6017,6039,6042,6069,6106,6125,6131,6133,6137,6138,6145,6150,6163,6173,6174,6177,6189,6193,6201,6209,6210,6217,6218,6220,6243,6258,6913,6918,7518,8230,8241,8249,8258,8259,8306,9321,9388,9390,9399,9409,9454,9455
plenvar,1,528072,1,528096,0,1,1,167,24,997
alseq,1,528140,1,528374,0,25,26,333,234,5867,6012,6013,6034,6039,6104,6106,6132,6133,6137,6150,6163,6173,6174,6177,6193,6210,6217,6218,6258,6900,8230,9390,9399,9409
alseq,1,528463,1,528654,0,3,3,251,191,6210,6231,6900
plenvar,1,528499,1,528511,0,3,3,137,12,6126,6244,8241
alseq,1,528988,1,529150,90,93,93,48,162,5832,5856,5867,6009,6012,6013,6016,6017,6021,6024,6025,6030,6034,6035,6036,6038,6040,6064,6069,6070,6071,6073,6085,6104,6114,6125,6126,6128,6131,6132,6133,6137,6138,6140,6142,6145,6148,6150,6154,6163,6166,6169,6171,6172,6173,6174,6177,6193,6194,6201,6202,6209,6210,6216,6217,6218,6220,6231,6238,6240,6241,6244,6258,6284,6913,6918,6965,8230,8241,8242,8247,8258,8259,8334,8369,8376,8422,9321,9323,9371,9386,9388,9395,9399,9404,9405,9407,9427,9433,9434,9451,9471,992
alseq,1,529498,1,529587,5,22,22,121,89,6009,6069,6100,6111,6133,6137,6140,6174,6177,6184,6193,6209,6220,6965,8256,8334,8422,9412,9452,9454,9476,997
alseq,1,529952,1,530115,0,2,2,169,163,6231,9434
plenvar,1,530390,1,530393,0,2,2,131,3,8237,9058
sdbp,1,530702,4,6993119,0,1,1,167,interchr,6195
sdbp,1,530702,2,846850,0,1,1,962,interchr,9371
sdbp,1,530744,2,849723,0,3,3,992,interchr,6216,6217,8230
sdbp,1,530828,2,845093,0,2,2,1026,interchr,6132,997
sdbp,1,530917,3,7158545,45,48,48,207,interchr,1066,6021,6025,6030,6039,6041,6073,6076,6099,6106,6112,6163,6166,6177,6188,6189,6194,6195,6201,6209,6210,6216,6217,6218,6284,6965,8230,8237,8242,8259,8334,9057,9058,9371,9386,9390,9394,9395,9399,9402,9412,9421,9433,9442,9451,9452,9453,9470
sdbp,1,530951,3,7158590,0,3,3,262,interchr,8237,9058,997
sdbp,1,531013,2,843935,5,5,5,736,interchr,6025,6209,6218,8242,9470
sdbp,1,531013,2,844354,0,14,14,1159,interchr,6030,6039,6106,6163,6166,6177,6189,6201,6210,6973,6974,8237,9058,9386
inbp,1,531013,2,740305,17,17,17,82,interchr,5830,6064,6069,6073,6099,6111,6112,6188,8241,8258,8259,8386,9057,9390,9391,9402,9476
inbp,1,531013,2,10491918,1,1,1,394,interchr,6021
plenvar,1,531081,1,531094,0,2,2,109,13,6210,9058
alseq,1,531272,1,531449,0,100,106,186,177,5830,5831,5856,5867,6009,6012,6013,6016,6017,6020,6021,6023,6025,6038,6039,6041,6046,6064,6069,6071,6073,6076,6086,6088,6097,6099,6104,6107,6112,6128,6131,6132,6133,6136,6137,6138,6142,6145,6148,6150,6154,6166,6169,6172,6173,6174,6177,6180,6193,6202,6210,6216,6217,6218,6231,6240,6244,6258,6268,6276,6901,6918,6968,6973,6974,7518,8230,8237,8240,8242,8247,8258,8283,8369,8376,8386,9057,9321,9323,9371,9386,9388,9390,9391,9394,9399,9405,9407,9408,9409,9421,9427,9433,9434,9437,9450,9451,9452,9476,9481
alseq,1,531304,1,531487,2,97,97,130,183,5830,5831,5832,5856,5867,6009,6012,6013,6016,6017,6020,6021,6023,6025,6038,6039,6041,6046,6064,6069,6071,6073,6076,6086,6088,6097,6099,6104,6107,6112,6128,6131,6132,6133,6136,6137,6138,6142,6145,6148,6150,6154,6166,6169,6172,6173,6174,6177,6180,6193,6202,6210,6216,6217,6218,6231,6240,6244,6258,6268,6276,6918,6968,6973,6974,8230,8237,8240,8242,8247,8258,8283,8334,8369,8376,8386,9057,9321,9323,9371,9386,9388,9390,9391,9394,9399,9405,9407,9408,9409,9421,9427,9433,9434,9437,9451,9481
alseq,1,531924,1,532070,0,20,20,278,146,6009,6013,6034,6064,6073,6074,6085,6125,6132,6174,6193,6242,6913,7516,8306,8369,8376,9407,9434,9476
plenvar,1,531987,1,531995,0,5,5,139,8,6016,6113,6136,6901,997
plenvar,1,532790,1,532804,0,2,2,141,14,6243,6917
alseq,1,532887,1,532964,0,4,4,174,77,6043,6100,6140,6142
alseq,1,533450,1,533674,0,7,7,262,224,6034,6132,6137,6901,6968,8237,997
plenvar,1,533836,1,533853,0,1,1,105,17,6201
alseq,1,533900,1,534142,0,39,41,323,242,5867,6009,6016,6034,6038,6046,6069,6073,6098,6104,6126,6132,6133,6138,6142,6145,6150,6171,6177,6209,6217,6241,6244,6258,6284,7518,8230,8247,8369,9323,9371,9386,9388,9390,9399,9412,9451,9470,997
plenvar,1,534296,1,534308,0,1,1,131,12,6174
alseq,1,534296,1,534432,0,4,4,225,136,5856,6069,7518,9434
plenvar,1,535722,1,535718,41,47,47,1045,-4,1435,6009,6017,6021,6038,6073,6085,6098,6100,6104,6106,6131,6151,6154,6169,6172,6189,6193,6195,6209,6216,6217,6218,6220,6243,6268,6276,6964,6965,7518,8241,8258,8334,8376,9058,9371,9386,9395,9416,9427,9433,9437,9450,9453,9455,9470,9471
alseq,1,535723,1,535809,7,31,31,1089,86,1002,1066,6013,6034,6070,6108,6112,6114,6128,6132,6137,6140,6142,6145,6150,6163,6173,6174,6194,6198,6201,6210,6258,6284,8422,9388,9394,9402,9412,9442,9451
alseq,1,535728,1,535908,0,6,6,1265,180,1066,6112,6114,6201,9321,9388
inbp,1,536064,1,11172137,9,14,14,37,10636073,5832,6009,6021,6108,6218,8230,8242,8334,9412,9427,9437,9442,9451,9471
inbp,1,536065,4,762661,0,1,1,141,interchr,9453
sdbp,1,536079,3,17708983,1,4,4,0,interchr,6021,6217,6218,9371
plenvar,1,536629,1,536630,0,1,1,105,1,5831
inbp,1,536641,4,6647254,0,2,2,5157,interchr,1435,6243
tbp,1,539789,1,539737,4,4,4,2,transloc,6268,6965,8240,9442
sdbp,1,540433,1,540984,11,11,11,0,551,6023,6086,6099,6112,6136,6151,8387,9409,9470,9481,997
alseq,1,540464,1,540991,2,8,8,58,527,6020,6194,6276,6973,8283,9391,9404,9453
sdbp,1,540494,3,17708793,0,1,1,151,interchr,9427
alseq,1,540520,1,540881,0,7,7,372,361,6194,6276,9391,9404,9442,9453,9455
sdbp,1,540879,1,10852920,1,1,1,0,10312041,6173
alseq,1,540946,1,541074,0,1,1,408,128,8241
sdbp,1,540959,5,22022589,1,2,2,20,interchr,6209,9433
alseq,1,542316,1,542537,0,4,4,249,221,6106,6140,6918,9454
alseq,1,543634,1,543730,0,3,3,136,96,6042,6968,8335
plenvar,1,543961,1,543966,0,2,2,122,5,5830,6901
alseq,1,544136,1,545349,0,1,1,1247,1213,6090
alseq,1,544209,1,544471,0,6,6,272,262,6069,6070,6074,6107,6126,6174
alseq,1,544770,1,545053,0,2,2,283,283,6240,6241
alseq,1,545242,1,545461,0,2,2,183,219,6163,6220
sdbp,1,546333,2,18247860,1,1,1,0,interchr,6188
alseq,1,547762,1,547925,0,1,1,209,163,6171
plenvar,1,549212,1,423998,1,1,1,172,-125214,9453
sdbp,1,549212,1,1250315,2,2,2,5,701103,6073,9437
sdbp,1,549212,1,549642,1,1,1,0,430,9402
inbp,1,549212,1,1289343,1,1,1,5,740131,6194
tbp,1,549212,1,423998,1,1,1,172,transloc,9453
alseq,1,549526,1,549773,0,3,3,244,247,6020,6198,8230
inbp,1,549566,3,16809188,1,1,1,-30,interchr,6128
alseq,1,549576,1,549913,0,3,3,238,337,6198,8230,9057
alseq,1,549665,1,550808,0,3,3,633,1143,6097,6268,9442
inbp,1,549685,1,1289045,0,1,1,184,739360,6098
plenvar,1,549795,1,549805,0,2,2,147,10,9402,9409
alseq,1,550026,1,6704420,0,1,1,584,6154394,9437
alseq,1,550398,1,550458,0,1,1,190,60,9394
sdbp,1,550697,5,26532656,1,1,1,25,interchr,6217
sdbp,1,550697,5,26537570,0,2,2,344,interchr,6217,6218
sdbp,1,550697,5,26515842,0,1,1,143,interchr,6218
inbp,1,550998,4,2725057,5,5,5,776,interchr,6086,6092,6098,6128,9395
alseq,1,551325,1,551572,0,16,16,231,247,6030,6035,6098,6107,6113,6138,6142,6174,6180,6964,6973,8230,8386,9395,9405,9416
alseq,1,551384,1,551679,0,16,16,276,295,6030,6098,6107,6113,6138,6142,6174,6180,6231,6240,6918,6973,8386,9395,9405,9416
alseq,1,551395,1,552680,0,6,6,821,1285,1066,6019,6038,6102,8241,9402
alseq,1,551534,1,1251983,0,4,4,350,700449,6021,6073,6074,6202
plenvar,1,551680,1,551684,0,1,1,151,4,6070
alseq,1,551998,1,552219,0,13,13,265,221,6016,6042,6070,6071,6098,6106,6128,6169,6171,7516,8256,8258,9407
alseq,1,552096,1,552672,1,8,8,73,576,5831,6034,6113,6194,7516,8242,9437,9453
alseq,1,552500,1,552697,0,3,4,218,197,6173,6188,992
alseq,1,552665,1,563372,0,1,1,10558,10707,6086
sdbp,1,552672,3,9664350,0,1,1,42,interchr,9416
inbp,1,552673,3,18926379,1,1,1,6660,interchr,9388
inbp,1,552673,3,17842296,0,1,1,6696,interchr,9451
alseq,1,552835,1,553156,0,1,1,328,321,5856
alseq,1,553494,1,553648,1,1,1,148,154,8283
alseq,1,554008,1,554281,0,2,2,277,273,6964,8369
alseq,1,554527,1,554770,0,2,2,223,243,6242,8335
alseq,1,554904,1,555011,2,3,3,80,107,6046,8222,992
sdbp,1,554912,1,12240507,1,1,1,3,11685595,6198
alseq,1,554913,1,10931137,0,2,2,234,10376224,6188,8386
sdbp,1,554914,1,12097461,2,2,2,15,11542547,6194,6195
plenvar,1,554930,1,554952,0,1,1,380,22,9058
sdbp,1,554930,5,17726421,1,1,1,0,interchr,6184
alseq,1,556117,1,556692,0,2,2,561,575,6076,8231
sdbp,1,556318,1,556454,1,1,1,0,136,6098
plenvar,1,556619,1,556643,0,1,1,122,24,6131
alseq,1,556639,1,556850,0,3,3,197,211,6046,7518,8256
alseq,1,558050,1,558160,0,1,1,101,110,6042
alseq,1,558880,1,559053,0,2,2,161,173,6171,6210
sdbp,1,559185,5,19740515,0,1,1,1431,interchr,997
inbp,1,559249,3,17842296,0,1,1,99,interchr,6102
alseq,1,559294,1,559446,0,9,9,210,152,6012,6098,6166,6173,6177,6198,6202,6258,9471
sdbp,1,559400,5,24383136,0,1,1,64,interchr,6040
alseq,1,559453,1,563372,0,18,18,3853,3919,6013,6017,6025,6034,6038,6070,6098,6163,6174,6209,6216,6276,8258,9321,9394,9412,9427,9433
alseq,1,559531,1,23494979,0,2,2,962,22935448,6025,6210
alseq,1,559562,1,23496595,0,1,1,2603,22937033,6964
alseq,1,559661,1,559878,0,1,1,140,217,5856
alseq,1,560064,1,560343,0,3,3,306,279,6039,6901,9408
plenvar,1,560180,1,560181,0,1,1,151,1,6137
alseq,1,560442,1,560775,0,1,1,269,333,6030
alseq,1,560452,1,563372,0,5,5,2843,2920,6210,6284,6973,8283,9452
alseq,1,560611,1,563372,1,3,3,2555,2761,6973,8334,9452
plenvar,1,560854,1,560855,0,1,1,191,1,992
alseq,1,562141,1,563372,0,1,1,1164,1231,9058
alseq,1,562780,1,563054,0,2,2,240,274,6171,8231
alseq,1,563273,1,563495,5,12,12,116,222,1002,5856,6019,6046,6102,6154,6173,6231,8249,8387,9399,9450
sdbp,1,563286,1,563406,2,2,2,18,120,6964,8306
alseq,1,563340,1,563782,0,6,6,356,442,6092,6102,6173,6244,6913,8387
alseq,1,563354,1,564891,3,7,7,1289,1537,6012,6069,6071,8376,9323,9386,9395
alseq,1,563354,1,571823,1,2,2,7966,8469,6268,9455
alseq,1,563354,1,568226,1,1,1,4917,4872,992
alseq,1,563354,1,566061,1,1,1,2575,2707,9453
alseq,1,563354,1,565188,2,9,9,1827,1834,6069,6128,6166,6220,6918,9323,9371,9382,9454
alseq,1,563354,1,565098,0,10,10,1666,1744,6009,6012,6069,6071,6128,6166,6220,6918,9323,9371
alseq,1,563354,1,574631,0,1,1,11256,11277,6085
alseq,1,563354,1,564185,0,7,7,757,831,5867,6177,6244,8230,8422,9434,9476
alseq,1,563354,1,567712,0,3,3,4311,4358,6217,6218,9470
alseq,1,563354,1,566948,0,1,1,3514,3594,6195
alseq,1,563354,1,569662,0,1,1,6234,6308,1435
sdbp,1,563354,5,19770580,1,1,1,0,interchr,8376
sdbp,1,563372,3,9664350,1,1,1,3735,interchr,9416
plenvar,1,563948,1,563959,0,1,1,107,11,6243
alseq,1,564918,1,565198,0,2,2,276,280,9399,9408
plenvar,1,567665,1,567685,0,1,1,104,20,6166
alseq,1,567680,1,567806,0,3,3,205,126,6151,6241,9434
sdbp,1,567834,4,8040360,1,1,1,0,interchr,6036
alseq,1,569578,1,569746,0,1,1,356,168,6137
plenvar,1,570279,1,570280,0,1,1,119,1,6042
alseq,1,571291,1,571810,1,2,2,37,519,6151,8256
sdbp,1,571390,1,571787,5,5,5,0,397,8249,9412,9454,9470,997
alseq,1,571535,1,571760,0,7,7,237,225,6034,6046,6088,6112,6180,8306,9399
plenvar,1,571831,1,571845,0,1,1,133,14,9407
tbp,1,572703,1,572643,1,1,1,2,transloc,992
tbp,1,574710,1,574666,1,1,1,2,transloc,8259
alseq,1,575005,1,575278,0,3,3,274,273,6202,6240,8247
sdbp,1,575347,2,13306494,1,1,1,0,interchr,6973
alseq,1,577025,1,577212,0,1,1,230,187,6909
plenvar,1,577547,1,577548,0,1,1,119,1,8237
alseq,1,578360,1,578602,0,1,1,259,242,8231
plenvar,1,578729,1,578736,0,1,1,120,7,5867
tbp,1,580478,1,580407,1,1,1,3,transloc,992
alseq,1,581029,1,581180,0,1,1,197,151,6974
plenvar,1,582423,1,582425,0,1,1,120,2,6112
alseq,1,582439,1,582558,1,5,5,47,119,6086,6188,6900,8249,9390
alseq,1,582763,1,583006,0,8,8,346,243,6074,6086,6125,6136,6901,6968,8306,9434
plenvar,1,582892,1,582912,0,4,4,149,20,5830,6243,9405,9408
sdbp,1,583406,5,24801038,1,1,1,2,interchr,8247
alseq,1,587111,1,587315,0,1,1,158,204,5856
alseq,1,587465,1,588053,6,24,24,92,588,5832,6021,6064,6069,6128,6131,6154,6163,6166,6194,6240,6241,6244,6268,8249,8259,9058,9371,9412,9416,9437,9452,9454,9455
sdbp,1,587482,1,588019,66,66,66,0,537,1435,6009,6012,6016,6017,6020,6023,6025,6034,6038,6070,6071,6086,6099,6100,6108,6112,6113,6114,6136,6142,6151,6169,6172,6173,6174,6184,6188,6189,6193,6195,6198,6209,6210,6216,6217,6218,6220,6231,6238,6913,6918,6964,6973,8222,8230,8258,8306,8334,8376,8386,8422,9057,9321,9323,9386,9388,9390,9391,9395,9427,9433,9434,9451,9470,997
alseq,1,587533,1,587964,0,20,20,242,431,5832,6021,6128,6131,6194,6240,6268,6276,8249,9058,9382,9404,9412,9421,9437,9442,9453,9454,9455,9471
alseq,1,587591,1,587841,0,10,10,255,250,6021,6073,6097,6128,6131,6268,9404,9421,9453,9471
alseq,1,588221,1,588306,0,2,2,102,85,6042,6137
alseq,1,588550,1,588702,0,1,1,202,152,6043
alseq,1,590176,1,590501,0,2,2,285,325,6076,6171
alseq,1,590687,1,590895,0,1,1,158,208,6030
alseq,1,591907,1,591952,0,1,1,102,45,6137
alseq,1,592830,1,592975,0,1,1,280,145,8237
sdbp,1,593454,1,593624,5,5,5,0,170,5832,8258,8259,8334,9416
plenvar,1,594303,1,594323,0,9,9,143,20,6013,6019,6069,6125,6137,6150,8369,9407,9452
alseq,1,594344,1,594450,0,7,7,133,106,6043,6085,6171,6255,6901,6918,7516
inbp,1,596505,3,22254476,1,1,1,453,interchr,6194
plenvar,1,598688,1,598698,0,1,1,149,10,6900
plenvar,1,599365,1,599391,0,1,1,119,26,6243
alseq,1,599461,1,599636,0,12,12,242,175,6042,6085,6098,6111,6137,6242,7518,8369,9434,9442,9476,992
sdbp,1,599468,1,599672,63,63,63,0,204,1002,5831,6009,6012,6013,6016,6017,6019,6025,6030,6046,6046_noalseq,6064,6069,6070,6071,6074,6086,6102,6107,6142,6154,6163,6166,6169,6172,6173,6174,6177,6209,6210,6216,6217,6218,6220,6231,6238,6240,6244,6901,6913,6917,6918,8258,8259,8334,8376,9058,9321,9323,9371,9386,9388,9390,9391,9395,9399,9416,9427,9433,9437,9451,9481
alseq,1,599486,1,599662,1,12,12,39,176,5856,6042,6085,6098,6111,6137,6242,8369,9434,9442,9476,992
inbp,1,599642,2,12446344,20,27,27,111,interchr,1435,6012,6017,6070,6086,6154,6163,6184,6198,6210,6220,6238,8230,8334,8376,9058,9386,9391,9395,9402,9412,9416,9427,9433,9437,9451,9453
